{
 "cells": [
  {
   "cell_type": "code",
   "execution_count": 1,
   "metadata": {},
   "outputs": [
    {
     "name": "stderr",
     "output_type": "stream",
     "text": [
      "/usr/lib/python3/dist-packages/scipy/__init__.py:146: UserWarning: A NumPy version >=1.17.3 and <1.25.0 is required for this version of SciPy (detected version 1.26.4\n",
      "  warnings.warn(f\"A NumPy version >={np_minversion} and <{np_maxversion}\"\n"
     ]
    }
   ],
   "source": [
    "import os\n",
    "import numpy as np\n",
    "import pandas as pd\n",
    "from sklearn.linear_model import LogisticRegression\n",
    "from joblib import dump, load\n",
    "import matplotlib.pyplot as plt\n",
    "import csv\n",
    "import torch\n",
    "import torch.nn as nn\n",
    "import torch.optim as optim\n",
    "from data_loader import CustomSignalData, CustomSignalData1\n",
    "from torch.autograd import Variable\n",
    "from encoder import Encoder as E\n",
    "from helpers import set_cmd_cb, rms_formuula, get_data, get_all_data, get_shift_data, get_operators, plot_cfs_mat, roll_data\n",
    "\n",
    "features = ['RMS', 'MAV', 'SSC', 'ZC', 'WL']\n",
    "\n",
    "DEVICE = torch.device(\"cpu\")\n",
    "\n",
    "def getFeatureMatrix(rawDataMatrix, window_size, overlap_factor):\n",
    "    nChannels, nSamples = rawDataMatrix.shape\n",
    "    stride = int(window_size * overlap_factor)\n",
    "    num_stride = int(np.floor(nSamples/(window_size-stride)))\n",
    "    featMatrix = np.zeros((nChannels*len(features),num_stride))\n",
    "    # Define a dictionary that maps feature names to functions that calculate those features\n",
    "    feature_functions = {\n",
    "        'RMS': lambda x: np.sqrt(np.mean(x ** 2, axis=1)),\n",
    "        'MAV': lambda x: np.mean(np.abs(x), axis=1),\n",
    "        'SSC': lambda x: np.mean(((x[:, 1:-1] - x[:, :-2]) * (x[:, 2:] - x[:, 1:-1])) < 0, axis=1).reshape(-1, 1),\n",
    "        'ZC': lambda x: np.mean((x[:, :-1] * x[:, 1:] < 0) & (np.abs(x[:, :-1] - x[:, 1:]) > 0), axis=1).reshape(-1, 1),\n",
    "        'WL': lambda x: np.mean(np.abs(x[:, :-1] - x[:, 1:]), axis=1)\n",
    "    }\n",
    "    # Loop over the features \n",
    "    featIndex = 0\n",
    "    for feature in features:\n",
    "        if feature in feature_functions:\n",
    "            featFunc = feature_functions[feature]\n",
    "            for i in range(num_stride):\n",
    "                wdwStrtIdx = i*(window_size-stride)\n",
    "                if i == num_stride:\n",
    "                    sigWin = rawDataMatrix[:, wdwStrtIdx:nSamples] \n",
    "                else:\n",
    "                    sigWin = rawDataMatrix[:, wdwStrtIdx:(wdwStrtIdx+window_size-1)] \n",
    "                \n",
    "                featValues = featFunc(sigWin)\n",
    "                featValues = featValues.flatten() # Flatten featValues before assigning it to featMatrix\n",
    "                featMatrix[featIndex:featIndex + nChannels, i] = featValues     \n",
    "            featIndex += nChannels\n",
    "    return featMatrix\n",
    "\n",
    "# def getFeatureMatrix(rawDataMatrix, windowLength, windowOverlap):\n",
    "#     rms = lambda sig: np.sqrt(np.mean(sig**2))\n",
    "#     nChannels,nSamples = rawDataMatrix.shape    \n",
    "#     I = int(np.floor(nSamples/(windowLength-windowOverlap)))\n",
    "#     featMatrix = np.zeros([nChannels, I])\n",
    "#     for channel in range(nChannels):\n",
    "#         for i in range (I):\n",
    "#             wdwStrtIdx=i*(windowLength-windowOverlap)\n",
    "#             sigWin = rawDataMatrix[channel][wdwStrtIdx:(wdwStrtIdx+windowLength-1)] \n",
    "#             featMatrix[channel, i] = rms(sigWin)\n",
    "#     featMatrixData = np.array(featMatrix)\n",
    "#     return featMatrixData\n",
    "\n",
    "class FFNN(torch.nn.Module):\n",
    "    def __init__(self, inputSize, outputSize):\n",
    "        super(FFNN, self).__init__()\n",
    "        self.encoder = torch.nn.Sequential(\n",
    "            torch.nn.Linear(inputSize, 9, bias=False),\n",
    "            torch.nn.Sigmoid()\n",
    "        )\n",
    "        self.classifer = torch.nn.Sequential(\n",
    "            torch.nn.Linear(9, outputSize, bias=False),\n",
    "            # torch.nn.Softmax(dim=1)\n",
    "        )\n",
    "\n",
    "    def forward(self, x, encoder=None):\n",
    "        if not encoder:\n",
    "            encoder = self.encoder\n",
    "        z = encoder(x)\n",
    "        class_z = self.classifer(z)\n",
    "\n",
    "        return class_z\n",
    "\n",
    "class Operator(nn.Module):\n",
    "    def __init__(self, in_features, n_rotations):\n",
    "        super(Operator, self).__init__()\n",
    "        \"\"\"\n",
    "        Args:\n",
    "          in_features (int): Number of input features which should be equal to xsize.\n",
    "          out_features (out): Number of output features which should be equal to ysize.\n",
    "        \"\"\"\n",
    "        self.in_features = in_features\n",
    "        self.core = torch.nn.Parameter(torch.zeros(3*self.in_features**2)- 0*torch.diag(torch.rand(3*self.in_features**2)/10))\n",
    "        self.core.requires_grad = True\n",
    "        self.n_rotations = n_rotations\n",
    "        \n",
    "    def rotate_batch(self, x, d, out_features):\n",
    "      rotated = torch.empty(x.shape[0], 3*out_features*out_features, device=DEVICE)\n",
    "      phies = [torch.linalg.matrix_power(self.core,i).to(DEVICE) for i in range (0,self.n_rotations+0)]\n",
    "      for i in range (x.shape[0]):\n",
    "        rotated[i] = phies[(d[i]+0)%4].matmul(x[i]) \n",
    "      return rotated\n",
    "\n",
    "    def forward(self, x, d):\n",
    "        \"\"\"\n",
    "        Args:\n",
    "          x of shape (batch_size, 3, xsize, xsize): Inputs.\n",
    "        \n",
    "        Returns:\n",
    "          y of shape (batch_size, 3*xsize^2): Outputs.\n",
    "        \"\"\"\n",
    "        z = self.rotate_batch(x, d, self.in_features)\n",
    "        return z\n",
    "def get_tensor(arr):\n",
    "    return torch.tensor(arr, device=DEVICE,dtype=torch.float )\n",
    "\n",
    "def rotate_batch(x, d, out_features):\n",
    "    M = torch.diag(torch.ones(8)).roll(-1,1)\n",
    "    used_bases = [torch.linalg.matrix_power(M,i).to(DEVICE) for i in range (8)]\n",
    "    rotated = torch.empty(x.shape, device=DEVICE)\n",
    "    for i in range (x.shape[0]):\n",
    "        rotated[i] = used_bases[d[i]].matmul(x[i]) \n",
    "    return rotated\n",
    "\n",
    "def clf_acc(model, loader, masks = None, encoder = None):\n",
    "    model.eval()\n",
    "    correct = 0\n",
    "    iter = 0\n",
    "    with torch.no_grad():\n",
    "        for inputs, labels,_,_ in loader:\n",
    "            inputs = inputs.to(DEVICE)\n",
    "            if masks is not None:\n",
    "                inputs = inputs * masks[:inputs.size()[0]]\n",
    "            labels = labels.to(DEVICE)\n",
    "            labels = labels.flatten()\n",
    "            if encoder:\n",
    "                pred = model(inputs, encoder)\n",
    "            else:\n",
    "                pred = model(inputs)\n",
    "            correct += (1-torch.abs(torch.sign(torch.argmax(pred,dim = 1)- labels))).mean().item()\n",
    "            iter += 1\n",
    "    return correct/iter\n",
    "\n",
    "def compute_accuracy(a, b, loader):\n",
    "    a.eval()\n",
    "    b.eval()\n",
    "    \n",
    "    correct = 0\n",
    "    iter = 0\n",
    "    \n",
    "    with torch.no_grad():\n",
    "        for inputs1, inputs2, shift1, shift2, labels, _ in loader:\n",
    "            inputs1 = inputs1.to(DEVICE)\n",
    "            inputs2 = inputs2.to(DEVICE)\n",
    "            shift1 = -shift1.int().flatten().to(DEVICE)\n",
    "            shift2 = -shift2.int().flatten().to(DEVICE)\n",
    "            labels = labels.flatten().to(DEVICE)\n",
    "            # zero the parameter gradients\n",
    "            optimizer.zero_grad()\n",
    "            \n",
    "            # forward + backward + optimize\n",
    "            y1 = a(inputs1)\n",
    "            y_tr_est1 = rotate_batch(y1,shift1,6)\n",
    "            y_tr1 = b(y_tr_est1)\n",
    "\n",
    "            y2 = a(inputs2)\n",
    "            y_tr_est2 = rotate_batch(y2,shift1,6)\n",
    "            y_tr2 = b(y_tr_est2)\n",
    "\n",
    "            correct += (1-torch.abs(torch.sign(torch.argmax(y_tr1,dim = 1)- labels))).mean().item() + \\\n",
    "                    (1-torch.abs(torch.sign(torch.argmax(y_tr2,dim = 1)- labels))).mean().item()\n",
    "            iter += 1\n",
    "    return correct * 0.5 / iter"
   ]
  },
  {
   "cell_type": "code",
   "execution_count": 2,
   "metadata": {},
   "outputs": [],
   "source": [
    "import os\n",
    "import pandas as pd\n",
    "import numpy as np\n",
    "\n",
    "subject = '26'\n",
    "\n",
    "Fs = 1000\n",
    "windowLength = int(np.floor(0.1 * Fs))  # 100ms\n",
    "windowOverlap = 0.5  # 50% overlap\n",
    "\n",
    "# Initialize empty lists to store data\n",
    "X_train = [[np.zeros([0, 8 * 5]) for _ in range(9)] for _ in range(9)]  # Adjusting to accommodate 5 features\n",
    "y_train = [[np.zeros([0]) for _ in range(9)] for _ in range(9)]\n",
    "X_test = [[np.zeros([0, 8 * 5]) for _ in range(9)] for _ in range(9)]\n",
    "y_test = [[np.zeros([0]) for _ in range(9)] for _ in range(9)]\n",
    "\n",
    "for shift in range(0, 9):\n",
    "    for files in sorted(os.listdir(f'Subject_{subject}/Shift_{shift}/')):\n",
    "        _, class_, _, rep_ = files.split('_')\n",
    "        \n",
    "        df = pd.read_csv(f'Subject_{subject}/Shift_{shift}/{files}', skiprows=0, sep=' ', header=None)\n",
    "        data_arr = np.stack([np.array(df.T[i::8]).T.flatten().astype('float32') for i in range(8)])\n",
    "        data_arr -= 121\n",
    "        data_arr /= 255.0\n",
    "        feaData = getFeatureMatrix(data_arr, windowLength, windowOverlap)\n",
    "        \n",
    "        # Sum across each feature separately\n",
    "        num_features = 5  # Number of features\n",
    "        feature_sum = np.zeros((num_features, feaData.shape[1]))\n",
    "\n",
    "        for f in range(num_features):\n",
    "            feature_sum[f] = feaData[f*8:(f+1)*8, :].sum(axis=0)\n",
    "        \n",
    "        if not class_.startswith('9'):\n",
    "            baseline = 2 * feature_sum.sum(axis=0)[-50:].mean()\n",
    "            start_ = np.argmax(feature_sum.sum(axis=0) > baseline)\n",
    "            end_ = len(feature_sum.sum(axis=0)) - np.argmax(feature_sum.sum(axis=0)[::-1] > baseline) - 1\n",
    "            feaData = feaData.T[start_:end_]\n",
    "        else:\n",
    "            feaData = feaData.T\n",
    "        \n",
    "        for shift2 in range(9):\n",
    "            if shift2 != shift:\n",
    "                X_test[shift2][shift] = np.concatenate([X_test[shift2][shift], feaData])\n",
    "                y_test[shift2][shift] = np.concatenate([y_test[shift2][shift], np.ones(feaData.shape[0]) * (int(class_) - 1)])\n"
   ]
  },
  {
   "cell_type": "markdown",
   "metadata": {},
   "source": [
    "Logistc Regression"
   ]
  },
  {
   "cell_type": "code",
   "execution_count": 39,
   "metadata": {},
   "outputs": [
    {
     "name": "stdout",
     "output_type": "stream",
     "text": [
      "[0, 0.42400482509047044, 0.26889757091897404, 0.2606219886114761, 0.25864884929472903, 0.2315681685196021, 0.2472163707493229, 0.3186435613982671, 0.5322525008623663]\n",
      "[0.40929722961339804, 0, 0.2884321386104977, 0.19302087896043219, 0.18099480326651818, 0.25307197191339964, 0.2569966897381884, 0.32133253659994027, 0.26854087616419453]\n",
      "[0.3302551259978087, 0.2629674306393245, 0, 0.3480800116805373, 0.2602821083890126, 0.17627267407840844, 0.2684321396328619, 0.21646250373468778, 0.28406347016212485]\n",
      "[0.23462200657379872, 0.25557901085645357, 0.2578562935281128, 0, 0.2786933927245731, 0.19075482738443533, 0.1331628046945531, 0.25171795637884675, 0.21386685063815108]\n",
      "[0.21098763499765222, 0.16797346200241253, 0.10361814166808221, 0.21711198715140897, 0, 0.26667641895845523, 0.10999097201324105, 0.11159247086943531, 0.12073128665056916]\n",
      "[0.17858819846611362, 0.25392038600723765, 0.2497027348394768, 0.2483574244415243, 0.27602078693392723, 0, 0.28468251579897685, 0.25873916940543773, 0.1986892031735081]\n",
      "[0.2560651119110972, 0.2646260554885404, 0.23288602004416512, 0.11286319170681851, 0.18841870824053453, 0.1759801053247513, 0, 0.35315207648640573, 0.25974473956536737]\n",
      "[0.2508999843480983, 0.17475874547647768, 0.2417190419568541, 0.2512775587677033, 0.24810690423162585, 0.23946752486834405, 0.29491423412578993, 0, 0.33787512935495]\n",
      "[0.5820942244482704, 0.3707780458383595, 0.27382367929335827, 0.2114177252153599, 0.25196733481811434, 0.22586307782328846, 0.24736683719530544, 0.3512100388407529, 0]\n"
     ]
    }
   ],
   "source": [
    "accuracies_LosReg_list_s2 = [[0 for _ in range(9)] for _ in range(9)]\n",
    "for shift in range(9):\n",
    "    logRegres  = load(f'LogisticRegression_shift_{shift}_s2_features_full.joblib')\n",
    "    for shift2 in range(9):\n",
    "        if shift != shift2:\n",
    "            accuracy = logRegres.score(X_test[shift][shift2],y_test[shift][shift2])\n",
    "            accuracies_LosReg_list_s2[shift][shift2]= accuracy\n",
    "\n",
    "for element in accuracies_LosReg_list_s2:\n",
    "    print(element)"
   ]
  },
  {
   "cell_type": "code",
   "execution_count": 20,
   "metadata": {},
   "outputs": [],
   "source": [
    "accuracies_LosReg_list_app1 = [0.8914261858746128, 0.9433724159618349, 0.9172854948605976, 0.9531751383647369, 0.8366960846221824, 0.8856894298314085, 0.9221498816337806, 0.9713560837002988, 0.977245465907905]"
   ]
  },
  {
   "cell_type": "code",
   "execution_count": 36,
   "metadata": {},
   "outputs": [],
   "source": [
    "def move_last_to_first(lst, moves):\n",
    "    for _ in range(moves):\n",
    "        if lst:  # Check if the list is not empty\n",
    "            lst.insert(0, lst.pop())\n",
    "    return lst\n"
   ]
  },
  {
   "cell_type": "code",
   "execution_count": 37,
   "metadata": {},
   "outputs": [],
   "source": [
    "def move_first_to_last(lst, moves):\n",
    "    for _ in range(moves):\n",
    "        if lst:  # Check if the list is not empty\n",
    "            lst.append(lst.pop(0))\n",
    "    return lst"
   ]
  },
  {
   "cell_type": "code",
   "execution_count": 38,
   "metadata": {},
   "outputs": [
    {
     "name": "stdout",
     "output_type": "stream",
     "text": [
      "[0.2315681685196021, 0.2472163707493229, 0.3186435613982671, 0.5322525008623663, 0, 0.42400482509047044, 0.26889757091897404, 0.2606219886114761, 0.25864884929472903]\n",
      "[0.2569966897381884, 0.32133253659994027, 0.26854087616419453, 0.40929722961339804, 0, 0.2884321386104977, 0.19302087896043219, 0.18099480326651818, 0.25307197191339964]\n",
      "[0.21646250373468778, 0.28406347016212485, 0.3302551259978087, 0.2629674306393245, 0, 0.3480800116805373, 0.2602821083890126, 0.17627267407840844, 0.2684321396328619]\n",
      "[0.21386685063815108, 0.23462200657379872, 0.25557901085645357, 0.2578562935281128, 0, 0.2786933927245731, 0.19075482738443533, 0.1331628046945531, 0.25171795637884675]\n",
      "[0.21098763499765222, 0.16797346200241253, 0.10361814166808221, 0.21711198715140897, 0, 0.26667641895845523, 0.10999097201324105, 0.11159247086943531, 0.12073128665056916]\n",
      "[0.25392038600723765, 0.2497027348394768, 0.2483574244415243, 0.27602078693392723, 0, 0.28468251579897685, 0.25873916940543773, 0.1986892031735081, 0.17858819846611362]\n",
      "[0.23288602004416512, 0.11286319170681851, 0.18841870824053453, 0.1759801053247513, 0, 0.35315207648640573, 0.25974473956536737, 0.2560651119110972, 0.2646260554885404]\n",
      "[0.2512775587677033, 0.24810690423162585, 0.23946752486834405, 0.29491423412578993, 0, 0.33787512935495, 0.2508999843480983, 0.17475874547647768, 0.2417190419568541]\n",
      "[0.25196733481811434, 0.22586307782328846, 0.24736683719530544, 0.3512100388407529, 0, 0.5820942244482704, 0.3707780458383595, 0.27382367929335827, 0.2114177252153599]\n"
     ]
    }
   ],
   "source": [
    "for index, element in enumerate(accuracies_LosReg_list_s2):\n",
    "    if index < 4:\n",
    "        accuracies_LosReg_list_s2[index] = move_last_to_first(element, 4-index)\n",
    "    elif index == 4:\n",
    "        continue\n",
    "    else:\n",
    "        accuracies_LosReg_list_s2[index] = move_first_to_last(element, index-4)\n",
    "\n",
    "for element in accuracies_LosReg_list_s2:\n",
    "    print(element)"
   ]
  },
  {
   "cell_type": "code",
   "execution_count": 40,
   "metadata": {},
   "outputs": [
    {
     "name": "stdout",
     "output_type": "stream",
     "text": [
      "[0.8914261858746128, 0.42400482509047044, 0.26889757091897404, 0.2606219886114761, 0.25864884929472903, 0.2315681685196021, 0.2472163707493229, 0.3186435613982671, 0.5322525008623663]\n",
      "[0.40929722961339804, 0.9433724159618349, 0.2884321386104977, 0.19302087896043219, 0.18099480326651818, 0.25307197191339964, 0.2569966897381884, 0.32133253659994027, 0.26854087616419453]\n",
      "[0.3302551259978087, 0.2629674306393245, 0.9172854948605976, 0.3480800116805373, 0.2602821083890126, 0.17627267407840844, 0.2684321396328619, 0.21646250373468778, 0.28406347016212485]\n",
      "[0.23462200657379872, 0.25557901085645357, 0.2578562935281128, 0.9531751383647369, 0.2786933927245731, 0.19075482738443533, 0.1331628046945531, 0.25171795637884675, 0.21386685063815108]\n",
      "[0.21098763499765222, 0.16797346200241253, 0.10361814166808221, 0.21711198715140897, 0.8366960846221824, 0.26667641895845523, 0.10999097201324105, 0.11159247086943531, 0.12073128665056916]\n",
      "[0.17858819846611362, 0.25392038600723765, 0.2497027348394768, 0.2483574244415243, 0.27602078693392723, 0.8856894298314085, 0.28468251579897685, 0.25873916940543773, 0.1986892031735081]\n",
      "[0.2560651119110972, 0.2646260554885404, 0.23288602004416512, 0.11286319170681851, 0.18841870824053453, 0.1759801053247513, 0.9221498816337806, 0.35315207648640573, 0.25974473956536737]\n",
      "[0.2508999843480983, 0.17475874547647768, 0.2417190419568541, 0.2512775587677033, 0.24810690423162585, 0.23946752486834405, 0.29491423412578993, 0.9713560837002988, 0.33787512935495]\n",
      "[0.5820942244482704, 0.3707780458383595, 0.27382367929335827, 0.2114177252153599, 0.25196733481811434, 0.22586307782328846, 0.24736683719530544, 0.3512100388407529, 0.977245465907905]\n"
     ]
    }
   ],
   "source": [
    "for shift in range(9):\n",
    "    accuracies_LosReg_list_s2[shift][shift] = accuracies_LosReg_list_app1[shift]\n",
    "\n",
    "for element in accuracies_LosReg_list_s2:\n",
    "    print(element)"
   ]
  },
  {
   "cell_type": "code",
   "execution_count": 41,
   "metadata": {},
   "outputs": [
    {
     "name": "stdout",
     "output_type": "stream",
     "text": [
      "[0.2315681685196021, 0.2472163707493229, 0.3186435613982671, 0.5322525008623663, 0.8914261858746128, 0.42400482509047044, 0.26889757091897404, 0.2606219886114761, 0.25864884929472903]\n",
      "[0.2569966897381884, 0.32133253659994027, 0.26854087616419453, 0.40929722961339804, 0.9433724159618349, 0.2884321386104977, 0.19302087896043219, 0.18099480326651818, 0.25307197191339964]\n",
      "[0.21646250373468778, 0.28406347016212485, 0.3302551259978087, 0.2629674306393245, 0.9172854948605976, 0.3480800116805373, 0.2602821083890126, 0.17627267407840844, 0.2684321396328619]\n",
      "[0.21386685063815108, 0.23462200657379872, 0.25557901085645357, 0.2578562935281128, 0.9531751383647369, 0.2786933927245731, 0.19075482738443533, 0.1331628046945531, 0.25171795637884675]\n",
      "[0.21098763499765222, 0.16797346200241253, 0.10361814166808221, 0.21711198715140897, 0.8366960846221824, 0.26667641895845523, 0.10999097201324105, 0.11159247086943531, 0.12073128665056916]\n",
      "[0.25392038600723765, 0.2497027348394768, 0.2483574244415243, 0.27602078693392723, 0.8856894298314085, 0.28468251579897685, 0.25873916940543773, 0.1986892031735081, 0.17858819846611362]\n",
      "[0.23288602004416512, 0.11286319170681851, 0.18841870824053453, 0.1759801053247513, 0.9221498816337806, 0.35315207648640573, 0.25974473956536737, 0.2560651119110972, 0.2646260554885404]\n",
      "[0.2512775587677033, 0.24810690423162585, 0.23946752486834405, 0.29491423412578993, 0.9713560837002988, 0.33787512935495, 0.2508999843480983, 0.17475874547647768, 0.2417190419568541]\n",
      "[0.25196733481811434, 0.22586307782328846, 0.24736683719530544, 0.3512100388407529, 0.977245465907905, 0.5820942244482704, 0.3707780458383595, 0.27382367929335827, 0.2114177252153599]\n"
     ]
    }
   ],
   "source": [
    "for index, element in enumerate(accuracies_LosReg_list_s2):\n",
    "    if index < 4:\n",
    "        accuracies_LosReg_list_s2[index] = move_last_to_first(element, 4-index)\n",
    "    elif index == 4:\n",
    "        continue\n",
    "    else:\n",
    "        accuracies_LosReg_list_s2[index] = move_first_to_last(element, index-4)\n",
    "\n",
    "for element in accuracies_LosReg_list_s2:\n",
    "    print(element)"
   ]
  },
  {
   "cell_type": "code",
   "execution_count": 44,
   "metadata": {},
   "outputs": [
    {
     "name": "stdout",
     "output_type": "stream",
     "text": [
      "[0.2315681685196021, 0.2569966897381884, 0.21646250373468778, 0.21386685063815108, 0.21098763499765222, 0.25392038600723765, 0.23288602004416512, 0.2512775587677033, 0.25196733481811434]\n",
      "[0.2472163707493229, 0.32133253659994027, 0.28406347016212485, 0.23462200657379872, 0.16797346200241253, 0.2497027348394768, 0.11286319170681851, 0.24810690423162585, 0.22586307782328846]\n",
      "[0.3186435613982671, 0.26854087616419453, 0.3302551259978087, 0.25557901085645357, 0.10361814166808221, 0.2483574244415243, 0.18841870824053453, 0.23946752486834405, 0.24736683719530544]\n",
      "[0.5322525008623663, 0.40929722961339804, 0.2629674306393245, 0.2578562935281128, 0.21711198715140897, 0.27602078693392723, 0.1759801053247513, 0.29491423412578993, 0.3512100388407529]\n",
      "[0.8914261858746128, 0.9433724159618349, 0.9172854948605976, 0.9531751383647369, 0.8366960846221824, 0.8856894298314085, 0.9221498816337806, 0.9713560837002988, 0.977245465907905]\n",
      "[0.42400482509047044, 0.2884321386104977, 0.3480800116805373, 0.2786933927245731, 0.26667641895845523, 0.28468251579897685, 0.35315207648640573, 0.33787512935495, 0.5820942244482704]\n",
      "[0.26889757091897404, 0.19302087896043219, 0.2602821083890126, 0.19075482738443533, 0.10999097201324105, 0.25873916940543773, 0.25974473956536737, 0.2508999843480983, 0.3707780458383595]\n",
      "[0.2606219886114761, 0.18099480326651818, 0.17627267407840844, 0.1331628046945531, 0.11159247086943531, 0.1986892031735081, 0.2560651119110972, 0.17475874547647768, 0.27382367929335827]\n",
      "[0.25864884929472903, 0.25307197191339964, 0.2684321396328619, 0.25171795637884675, 0.12073128665056916, 0.17858819846611362, 0.2646260554885404, 0.2417190419568541, 0.2114177252153599]\n"
     ]
    }
   ],
   "source": [
    "accuracies_LosReg_list_s2 = [\n",
    "    [0.2315681685196021, 0.2472163707493229, 0.3186435613982671, 0.5322525008623663, 0.8914261858746128, 0.42400482509047044, 0.26889757091897404, 0.2606219886114761, 0.25864884929472903],\n",
    "    [0.2569966897381884, 0.32133253659994027, 0.26854087616419453, 0.40929722961339804, 0.9433724159618349, 0.2884321386104977, 0.19302087896043219, 0.18099480326651818, 0.25307197191339964],\n",
    "    [0.21646250373468778, 0.28406347016212485, 0.3302551259978087, 0.2629674306393245, 0.9172854948605976, 0.3480800116805373, 0.2602821083890126, 0.17627267407840844, 0.2684321396328619],\n",
    "    [0.21386685063815108, 0.23462200657379872, 0.25557901085645357, 0.2578562935281128, 0.9531751383647369, 0.2786933927245731, 0.19075482738443533, 0.1331628046945531, 0.25171795637884675],\n",
    "    [0.21098763499765222, 0.16797346200241253, 0.10361814166808221, 0.21711198715140897, 0.8366960846221824, 0.26667641895845523, 0.10999097201324105, 0.11159247086943531, 0.12073128665056916],\n",
    "    [0.25392038600723765, 0.2497027348394768, 0.2483574244415243, 0.27602078693392723, 0.8856894298314085, 0.28468251579897685, 0.25873916940543773, 0.1986892031735081, 0.17858819846611362],\n",
    "    [0.23288602004416512, 0.11286319170681851, 0.18841870824053453, 0.1759801053247513, 0.9221498816337806, 0.35315207648640573, 0.25974473956536737, 0.2560651119110972, 0.2646260554885404],\n",
    "    [0.2512775587677033, 0.24810690423162585, 0.23946752486834405, 0.29491423412578993, 0.9713560837002988, 0.33787512935495, 0.2508999843480983, 0.17475874547647768, 0.2417190419568541],\n",
    "    [0.25196733481811434, 0.22586307782328846, 0.24736683719530544, 0.3512100388407529, 0.977245465907905, 0.5820942244482704, 0.3707780458383595, 0.27382367929335827, 0.2114177252153599]\n",
    "]\n",
    "\n",
    "# Using zip to transpose the list of lists\n",
    "transposed_list = [list(x) for x in zip(*accuracies_LosReg_list_s2)]\n",
    "\n",
    "# Print the result\n",
    "for element in transposed_list:\n",
    "    print(element)"
   ]
  },
  {
   "cell_type": "code",
   "execution_count": 45,
   "metadata": {},
   "outputs": [
    {
     "data": {
